AI-POWERED EDA SUMMARY
==================================================

Dataset Shape: (100000, 18)

Duplicate Rows: 0

Missing Values:
branch                           0
college_tier                     0
cgpa                             0
backlogs                         0
coding_skills                    0
dsa_score                        0
aptitude_score                   0
communication_skills             0
ml_knowledge                     0
system_design                    0
internships                      0
projects_count                   0
certifications                   0
hackathons                       0
open_source_contributions        0
extracurriculars                 0
placement_status                 0
salary_package_lpa           31525

Descriptive Statistics:
                cgpa       backlogs  coding_skills      dsa_score  aptitude_score  communication_skills   ml_knowledge  system_design    internships  projects_count  certifications     hackathons  open_source_contributions  extracurriculars  placement_status  salary_package_lpa
count  100000.000000  100000.000000  100000.000000  100000.000000   100000.000000         100000.000000  100000.000000  100000.000000  100000.000000   100000.000000    100000.00000  100000.000000              100000.000000     100000.000000     100000.000000        68475.000000
mean        7.206381       0.547010       5.995147       5.500711       64.990511              5.990614       4.508752       4.008210       1.095040        2.397280         1.49985       0.745840                   0.450990          1.151100          0.684750           17.308014
std         0.925235       0.862727       1.496302       1.781961       11.990892              1.496552       1.968278       1.778405       0.940264        1.242829         1.11407       0.884189                   0.671061          0.965162          0.464618            2.601041
min         4.000000       0.000000       1.000000       1.000000       20.000000              1.000000       0.000000       0.000000       0.000000        0.000000         0.00000       0.000000                   0.000000          0.000000          0.000000            6.880000
25%         6.580000       0.000000       5.000000       4.300000       56.800000              5.000000       3.200000       2.800000       0.000000        1.000000         1.00000       0.000000                   0.000000          0.000000          0.000000           15.530000
50%         7.210000       0.000000       6.000000       5.500000       65.000000              6.000000       4.500000       4.000000       1.000000        2.000000         1.00000       0.000000                   0.000000          1.000000          1.000000           17.250000
75%         7.830000       1.000000       7.000000       6.700000       73.100000              7.000000       5.900000       5.200000       2.000000        3.000000         2.00000       1.000000                   1.000000          2.000000          1.000000           19.040000
max        10.000000       3.000000      10.000000      10.000000      100.000000             10.000000      10.000000      10.000000       3.000000        5.000000         4.00000       3.000000                   2.000000          3.000000          1.000000           28.330000

Correlation Matrix:
                           cgpa  backlogs  coding_skills  dsa_score  aptitude_score  communication_skills  ml_knowledge  system_design  internships  projects_count  certifications  hackathons  open_source_contributions  extracurriculars  placement_status  salary_package_lpa
cgpa                       1.00     -0.00          -0.01      -0.00            0.00                 -0.00         -0.00           0.00         0.00            0.00           -0.00        0.00                       0.00              0.00              0.15                0.34
backlogs                  -0.00      1.00          -0.00       0.00           -0.00                  0.00          0.00          -0.00        -0.00            0.00           -0.00        0.00                       0.00             -0.00             -0.06                0.01
coding_skills             -0.01     -0.00           1.00      -0.00           -0.00                 -0.01         -0.00           0.00         0.00           -0.00            0.01       -0.00                      -0.00              0.00              0.09                0.27
dsa_score                 -0.00      0.00          -0.00       1.00            0.00                 -0.00         -0.00           0.00         0.01           -0.00           -0.00       -0.00                      -0.00              0.00              0.09                0.40
aptitude_score             0.00     -0.00          -0.00       0.00            1.00                  0.00          0.00          -0.00        -0.00           -0.00            0.00       -0.01                      -0.00              0.00              0.05               -0.01
communication_skills      -0.00      0.00          -0.01      -0.00            0.00                  1.00         -0.00           0.00         0.00            0.00           -0.00        0.01                      -0.00             -0.00              0.05               -0.01
ml_knowledge              -0.00      0.00          -0.00      -0.00            0.00                 -0.00          1.00          -0.00         0.00            0.00            0.00       -0.00                       0.01              0.00              0.00                0.30
system_design              0.00     -0.00           0.00       0.00           -0.00                  0.00         -0.00           1.00         0.00           -0.00           -0.00        0.00                      -0.00              0.00             -0.00                0.21
internships                0.00     -0.00           0.00       0.01           -0.00                  0.00          0.00           0.00         1.00            0.00            0.00        0.00                       0.01             -0.01              0.10                0.43
projects_count             0.00      0.00          -0.00      -0.00           -0.00                  0.00          0.00          -0.00         0.00            1.00           -0.00       -0.00                       0.00              0.00              0.07               -0.01
certifications            -0.00     -0.00           0.01      -0.00            0.00                 -0.00          0.00          -0.00         0.00           -0.00            1.00       -0.00                       0.00             -0.00              0.06               -0.01
hackathons                 0.00      0.00          -0.00      -0.00           -0.01                  0.01         -0.00           0.00         0.00           -0.00           -0.00        1.00                       0.00              0.00              0.03               -0.01
open_source_contributions  0.00      0.00          -0.00      -0.00           -0.00                 -0.00          0.01          -0.00         0.01            0.00            0.00        0.00                       1.00             -0.00              0.02                0.00
extracurriculars           0.00     -0.00           0.00       0.00            0.00                 -0.00          0.00           0.00        -0.01            0.00           -0.00        0.00                      -0.00              1.00             -0.00               -0.00
placement_status           0.15     -0.06           0.09       0.09            0.05                  0.05          0.00          -0.00         0.10            0.07            0.06        0.03                       0.02             -0.00              1.00                 NaN
salary_package_lpa         0.34      0.01           0.27       0.40           -0.01                 -0.01          0.30           0.21         0.43           -0.01           -0.01       -0.01                       0.00             -0.00               NaN                1.00